1.5
2.2
3.10
4.10
5.6
6.15
7.2
8.0
9.3
10.1
11.9
12.7
13.6
14.20
15.18
16.13
17.11
18.9
19.15
20.5
21.4
22.0
23.5
24.14
25.2
26.11
27.5
28.18
29.17
30.0
31.10
32.5
33.20
34.11
35.2
36.7
37.6
38.18
39.13
40.9
41.8
42.14
43.14
44.3
45.13
46.19
47.0
48.4
49.4
50.4
51.2
52.19
53.17
54.0
55.4
56.18
57.5
58.2
59.5
60.3
61.10
62.16
63.12
64.19
65.14
66.15
67.7
68.18
69.10
70.9
71.15
72.12
73.8
74.19
75.0
76.16
77.16
78.18
79.14
80.0
81.14
82.7
83.6
84.0
85.2
86.14
87.11
88.7
89.6
90.13
91.15
92.15
93.17
94.10
95.6
96.12
97.20
98.2
99.13
100.15
